19
4
7
16
12
14
8
11
17
3
13
18
6
4
19
9
5
10
15
1
2
17
13
12
9
18
3
16
8
10
4
7
5
1
6
14
11
19
12
8
17
7
18
13
5
2
9
10
15
4
6
3
19
14
16
1
11
17
13
2
8
7
10
9
12
5
6
15
14
18
11
3
17
16
2
19
1
4
10
13
16
9
12
7
14
5
17
18
8
3
6
19
11
13
7
15
1
2
16
4
9
5
10
18
14
17
8
12
13
6
19
11
3
4
2
7
17
9
6
10
15
13
1
19
18
8
11
5
4
16
3
14
9
7
6
12
18
17
2
15
10
13
1
14
8
7
19
4
3
5
16
6
10
11
2
12
17
18
15
9
14
1
8
13
10
7
3
19
16
4
6
9
5
11
13
15
17
2
12
8
14
10
3
19
18
6
4
1
9
11
17
13
14
2
16
5
12
7
18
3
16
8
10
15
9
13
4
6
19
11
14
17
5
2
3
12
18
7
16
9
4
15
8
1
13
14
10
5
19
3
11
6
7
17
12
4
9
16
1
10
19
2
8
13
15
11
14
6
7
5
9
17
19
3
12
8
14
16
10
13
4
6
2
1
15
9
11
17
3
18
5
7
10
16
14
13
12
2
19
11
4
6
17
9
8
3
14
1
5
15
18
7
13
16
2
10
